https://www.realtor.com/realestateandhomes-detail/627-Aeolian-Dr_New-Smyrna-Beach_FL_32168_M61419-10841?ex=FL644824394
https://www.realtor.com/realestateandhomes-detail/3327-Tuscano-Ave_New-Smyrna-Beach_FL_32168_M60814-65482
https://www.realtor.com/realestateandhomes-detail/618-Marisol-Dr_New-Smyrna-Beach_FL_32168_M59425-13716
https://www.realtor.com/realestateandhomes-detail/2500-Belmont-Ave_New-Smyrna-Beach_FL_32168_M55821-50490?ex=FL644782370
https://www.realtor.com/realestateandhomes-detail/627-Aeolian-Dr_New-Smyrna-Beach_FL_32168_M61419-10841
https://www.realtor.com/realestateandhomes-detail/3610-Marisol-Ct_New-Smyrna-Beach_FL_32168_M59585-38071
https://www.realtor.com/realestateandhomes-detail/360-Gleneagles-Dr_New-Smyrna-Beach_FL_32168_M56153-54445?ex=FL644740258
https://www.realtor.com/realestateandhomes-detail/2913-Taton-Trce_New-Smyrna-Beach_FL_32168_M51335-31029
https://www.realtor.com/realestateandhomes-detail/722-Aldenwood-Trl_New-Smyrna-Beach_FL_32168_M50622-04688?ex=FL644687490
https://www.realtor.com/realestateandhomes-detail/2680-Sunset-Dr_New-Smyrna-Beach_FL_32168_M62774-88530
https://www.realtor.com/realestateandhomes-detail/533-Ball-St_New-Smyrna-Beach_FL_32168_M62903-15196
https://www.realtor.com/realestateandhomes-detail/2397-Pioneer-Trl_New-Smyrna-Beach_FL_32168_M55507-72567?ex=FL644620586
https://www.realtor.com/realestateandhomes-detail/403-Pink-Coral-Ln_New-Smyrna-Beach_FL_32168_M59538-57509
https://www.realtor.com/realestateandhomes-detail/2815-Taton-Trce_New-Smyrna-Beach_FL_32168_M51317-79529
https://www.realtor.com/realestateandhomes-detail/404-Babs-Ct_New-Smyrna-Beach_FL_32168_M51347-60805
https://www.realtor.com/realestateandhomes-detail/2907-Taton-Trce_New-Smyrna-Beach_FL_32168_M51337-91890
https://www.realtor.com/realestateandhomes-detail/2928-Gibraltar-Blvd_New-Smyrna-Beach_FL_32168_M51345-74475
https://www.realtor.com/realestateandhomes-detail/2440-Selleck-Ave_New-Smyrna-Beach_FL_32168_M66191-05424?ex=FL644501254
https://www.realtor.com/realestateandhomes-detail/625-Marisol-Dr_New-Smyrna-Beach_FL_32168_M59004-77732?ex=FL644451490
https://www.realtor.com/realestateandhomes-detail/2283-Branchwood-Dr_New-Smyrna-Beach_FL_32168_M67172-63916?ex=FL644431414
https://www.realtor.com/realestateandhomes-detail/686-Wildwood-Dr_New-Smyrna-Beach_FL_32168_M67224-06616?ex=FL644431134
https://www.realtor.com/realestateandhomes-detail/4035-Crestridge-Dr_New-Smyrna-Beach_FL_32168_M66545-63890?ex=FL644358974
https://www.realtor.com/realestateandhomes-detail/1160-Tatum-Blvd_New-Smyrna-Beach_FL_32168_M61750-51636
https://www.realtor.com/realestateandhomes-detail/463-Venetian-Villa-Dr_New-Smyrna-Beach_FL_32168_M56115-79213
https://www.realtor.com/realestateandhomes-detail/557-Caro-Ct_New-Smyrna-Beach_FL_32168_M54149-26834
https://www.realtor.com/realestateandhomes-detail/2570-Turnbull-Bay-Rd_New-Smyrna-Beach_FL_32168_M66367-98248?ex=FL644340186
https://www.realtor.com/realestateandhomes-detail/2830-Conway-Rd_New-Smyrna-Beach_FL_32168_M54997-92758?ex=FL644333222
https://www.realtor.com/realestateandhomes-detail/4055-High-Ridge-Dr_New-Smyrna-Beach_FL_32168_M58214-05208
https://www.realtor.com/realestateandhomes-detail/604-Edward-St_New-Smyrna-Beach_FL_32168_M62703-03385
https://www.realtor.com/realestateandhomes-detail/620-Saint-Andrews-Cir_New-Smyrna-Beach_FL_32168_M56191-55571?ex=FL644273210
https://www.realtor.com/realestateandhomes-detail/709-Fairway-Dr_New-Smyrna-Beach_FL_32168_M65437-07924
https://www.realtor.com/realestateandhomes-detail/124-Aqua-Ct_New-Smyrna-Beach_FL_32168_M64818-54957?ex=FL644235354
https://www.realtor.com/realestateandhomes-detail/794-Pine-Shores-Cir_New-Smyrna-Beach_FL_32168_M51256-40648
https://www.realtor.com/realestateandhomes-detail/604-Celito-Dr_New-Smyrna-Beach_FL_32168_M55447-72750?ex=FL644191494
https://www.realtor.com/realestateandhomes-detail/3944-Brantford-Rd_New-Smyrna-Beach_FL_32168_M67644-05334?ex=FL644180246
https://www.realtor.com/realestateandhomes-detail/320-Windhaven-Ln_New-Smyrna-Beach_FL_32168_M56511-67016?ex=FL644136962
https://www.realtor.com/realestateandhomes-detail/1818-Pioneer-Trl_New-Smyrna-Beach_FL_32168_M55685-48421?ex=FL644135914
https://www.realtor.com/realestateandhomes-detail/1051-Willard-St_New-Smyrna-Beach_FL_32168_M54365-52453
https://www.realtor.com/realestateandhomes-detail/2205-Juanita-Dr_New-Smyrna-Beach_FL_32168_M56604-08970?ex=FL644072982
https://www.realtor.com/realestateandhomes-detail/White-Coral-Ln_New-Smyrna-Beach_FL_32168_M66201-03103?ex=FL644006262
https://www.realtor.com/realestateandhomes-detail/1806-Bayview-Dr_New-Smyrna-Beach_FL_32168_M54970-72344
https://www.realtor.com/realestateandhomes-detail/3364-Torre-Blvd_New-Smyrna-Beach_FL_32168_M63340-16774
https://www.realtor.com/realestateandhomes-detail/3218-Medici-Blvd_New-Smyrna-Beach_FL_32168_M51298-04434
https://www.realtor.com/realestateandhomes-detail/3350-Bellino-Blvd_New-Smyrna-Beach_FL_32168_M54307-55107?ex=FL643850614
https://www.realtor.com/realestateandhomes-detail/867-Bolton-Rd_New-Smyrna-Beach_FL_32168_M66909-16895
https://www.realtor.com/realestateandhomes-detail/551-Aeolian-Dr_New-Smyrna-Beach_FL_32168_M63766-86279?ex=FL643823142
https://www.realtor.com/realestateandhomes-detail/2757-Turnbull-Cove-Dr_New-Smyrna-Beach_FL_32168_M51792-81319
https://www.realtor.com/realestateandhomes-detail/524-Old-Mission-Rd_New-Smyrna-Beach_FL_32168_M69458-17409?ex=FL643698682
