https://www.realtor.com/realestateandhomes-detail/901-Pattison-Ave_Sarasota_FL_34237_M63176-13311
https://www.realtor.com/realestateandhomes-detail/330-Crosby-Ct_Sarasota_FL_34237_M62285-68527
https://www.realtor.com/realestateandhomes-detail/461-S-Shade-Ave_Sarasota_FL_34237_M61333-16778
https://www.realtor.com/realestateandhomes-detail/3355-Melody-Ln_Sarasota_FL_34237_M61236-64899
https://www.realtor.com/realestateandhomes-detail/811-S-School-Ave_Sarasota_FL_34237_M64073-33254
https://www.realtor.com/realestateandhomes-detail/3063-Bay-St_Sarasota_FL_34237_M63315-88040
https://www.realtor.com/realestateandhomes-detail/715-N-Lockwood-Ridge-Rd_Sarasota_FL_34237_M61772-90590
https://www.realtor.com/realestateandhomes-detail/2659-2nd-St_Sarasota_FL_34237_M60929-20497
https://www.realtor.com/realestateandhomes-detail/3150-Bellevue-St_Sarasota_FL_34237_M63198-86534
https://www.realtor.com/realestateandhomes-detail/2505-Wood-St_Sarasota_FL_34237_M63821-04210
https://www.realtor.com/realestateandhomes-detail/2969-Bay-St_Sarasota_FL_34237_M62466-96223
https://www.realtor.com/realestateandhomes-detail/2903-Browning-St_Sarasota_FL_34237_M52592-96801
https://www.realtor.com/realestateandhomes-detail/2072-6th-St_Sarasota_FL_34237_M61663-71669
https://www.realtor.com/realestateandhomes-detail/2660-Novus-Pl_Sarasota_FL_34237_M67043-42814
https://www.realtor.com/realestateandhomes-detail/1347-N-Lockwood-Ridge-Rd_Sarasota_FL_34237_M59318-94359
https://www.realtor.com/realestateandhomes-detail/156-Suntan-Ave_Sarasota_FL_34237_M60550-21033
https://www.realtor.com/realestateandhomes-detail/3453-Serena-St_Sarasota_FL_34237_M59974-97856
https://www.realtor.com/realestateandhomes-detail/3531-Birky-St_Sarasota_FL_34237_M63538-73073
https://www.realtor.com/realestateandhomes-detail/1314-N-Brink-Ave_Sarasota_FL_34237_M58801-69231
https://www.realtor.com/realestateandhomes-detail/715-Padgett-Ave_Sarasota_FL_34237_M62777-01487
https://www.realtor.com/realestateandhomes-detail/2657-Cheryle-Ln_Sarasota_FL_34237_M62088-54844
https://www.realtor.com/realestateandhomes-detail/615-N-Jefferson-Ave_Sarasota_FL_34237_M60213-32621
https://www.realtor.com/realestateandhomes-detail/787-Locklear-Ave_Sarasota_FL_34237_M62864-21717
https://www.realtor.com/realestateandhomes-detail/3365-6th-St_Sarasota_FL_34237_M62664-30725
https://www.realtor.com/realestateandhomes-detail/2894-Davis-Blvd_Sarasota_FL_34237_M62389-65725
https://www.realtor.com/realestateandhomes-detail/3007-Alta-Vista-St_Sarasota_FL_34237_M63460-47225
https://www.realtor.com/realestateandhomes-detail/535-Caruso-Pl_Sarasota_FL_34237_M61461-36262
https://www.realtor.com/realestateandhomes-detail/2326-Pelican-Dr_Sarasota_FL_34237_M62515-98880
https://www.realtor.com/realestateandhomes-detail/2700-Belvoir-Blvd_Sarasota_FL_34237_M61335-40374
https://www.realtor.com/realestateandhomes-detail/2750-Cheryle-Ln_Sarasota_FL_34237_M61531-42260
https://www.realtor.com/realestateandhomes-detail/201-S-Shade-Ave_Sarasota_FL_34237_M60647-84710
https://www.realtor.com/realestateandhomes-detail/2657-Nancy-St_Sarasota_FL_34237_M61379-00489
https://www.realtor.com/realestateandhomes-detail/3120-Irving-St_Sarasota_FL_34237_M62577-26942
https://www.realtor.com/realestateandhomes-detail/2340-Novus-St_Sarasota_FL_34237_M65100-38190
https://www.realtor.com/realestateandhomes-detail/2709-Belvoir-Blvd_Sarasota_FL_34237_M60739-52132
https://www.realtor.com/realestateandhomes-detail/2745-Wood-St_Sarasota_FL_34237_M63993-95608?ex=FL633271358
